tree
version=v4
num_class=1
num_tree_per_iteration=1
label_index=0
max_feature_idx=21
objective=binary sigmoid:1
feature_names=platform pricing_region_at_signup creation_source active_experiment channel ad_intent targeting_age_bucket targeting_gender targeting_interest nudge_experiment_arm signup_hour_of_day signup_day_of_week is_organic channel_prior_payer_rate_subscription channel_prior_payer_rate_any_revenue channel_prior_avg_ltv_d30 browse_to_chat_latency_minutes n_app_opens_pre_message pre_message_revenue never_activated_flag saw_plans_pre_message purchased_pre_message
feature_infos=-1:0:1:2 -1:0:1 -1:0:3:1:2 -1:1:0:2 -1:3:0:2:5:4:1 -1:0:4:2:3:1 -1:0:1:2:3 -1:1:0:2 -1:1:0:5:2:3:4 none [0:23] [0:6] [0:1] [0.030499999999999999:0.0901] [0.077499999999999999:0.1527] [10.051600000000001:19.329000000000001] [0:10663.223883333332] [0:4] none [0:1] none none
tree_sizes=1662 1692 1693 1689 1710 1684 1704 1717 1714 1717 1721 1697 1713 1722 1723

Tree=0
num_leaves=15
num_cat=3
split_feature=16 16 16 13 10 13 3 16 16 7 11 1 17 10
split_gain=5106.69 72.4283 46.482 44.6724 36.8259 36.024 33.0274 78.2351 73.306 65.4577 71.4991 59.826 52.6497 62.3743
threshold=1.0000000180025095e-35 1.8464000000000003 617.01349166666671 0.057000000000000009 13.500000000000002 0.075600000000000014 0 10.896691666666669 11.170025000000003 1 5.5000000000000009 2 2.5000000000000004 9.5000000000000018
decision_type=2 2 2 2 2 2 1 2 2 9 2 9 2 2
left_child=-1 3 6 4 -2 -4 7 -3 -9 12 11 -11 13 -10
right_child=1 2 5 -5 -6 -7 -8 8 9 10 -12 -13 -14 -15
leaf_value=-2.1296260233277842 -2.0080434761368613 -1.8408921628298178 -1.809038845129721 -1.8631545905600089 -1.8850392015673074 -1.6748013922124658 -1.8382863084102015 -2.0604937697751198 -1.8154384976874902 -1.8613975535337386 -1.962357351676091 -1.7166610027875042 -2.1296260233277842 -2.0509959630899011
leaf_weight=178.12692880630493 13.079704046249391 308.43202447891235 27.282596230506897 35.807149410247803 11.378215372562407 6.1187573075294486 832.4138697385788 5.7508024573326102 6.32688921689987 97.824633002281189 16.637673437595367 7.7016873359680167 4.0686373710632333 5.0561570525169373
leaf_count=1795 104 1551 122 194 66 13 4148 51 29 527 119 22 41 44
internal_value=-1.8777 -1.84513 -1.84268 -1.89873 -1.95082 -1.78445 -1.84419 -1.85508 -1.8856 -1.87829 -1.86602 -1.85083 -1.97525 -1.92007
internal_weight=1556.01 1377.88 1317.61 60.2651 24.4579 33.4014 1284.21 451.799 143.366 137.616 122.164 105.526 15.4517 11.383
internal_count=8826 7031 6667 364 170 135 6532 2384 833 782 668 549 114 73
cat_boundaries=0 1 2 3
cat_threshold=1 1 1
is_linear=0
shrinkage=1


Tree=1
num_leaves=15
num_cat=0
split_feature=16 16 16 10 13 16 16 11 16 16 13 16 10 11
split_gain=3485.6 39.3849 32.5163 27.3823 50.5431 39.8297 65.5259 36.8459 33.2029 42.0177 46.1068 28.4659 26.5194 42.4435
threshold=1.0000000180025095e-35 1.8464000000000003 1.0947666666666669 13.500000000000002 0.075600000000000014 122.31954166666667 107.93626666666668 5.5000000000000009 5.7716916666666673 3.3965666666666672 0.057000000000000009 6.0368166666666676 19.500000000000004 3.5000000000000004
decision_type=2 2 2 2 2 2 2 2 2 2 2 2 2 2
left_child=-1 2 -2 4 -3 6 8 -8 9 10 12 -10 13 -5
right_child=1 3 -4 5 -6 -7 7 -9 11 -11 -12 -13 -14 -15
leaf_value=-0.055944088946258186 0.23914713125176781 0.17291273102940885 0.1321316135550176 0.19860769315016116 0.20844798371426243 0.2156284018076351 -0.0024180050831800492 0.20590657785495106 0.071484303898620094 0.22030013867225864 0.20231517751252462 0.1800761307350659 0.01517493832802683 0.022112859294403504
leaf_weight=170.45558787882328 8.0364160984754545 775.02753979712725 60.799933791160583 10.847397990524771 114.90013597905636 130.77938817441463 7.1681691110134107 3.0153488516807556 6.1431631520390502 128.59370158612728 38.189278848469257 342.47115951031446 5.4371037855744353 4.9656687304377547
leaf_count=1795 28 3440 336 43 434 479 54 12 38 461 149 1483 39 35
internal_value=0.159228 0.181642 0.144625 0.183267 0.177501 0.19084 0.184912 0.0592671 0.187296 0.204231 0.169466 0.178163 0.110432 0.143184
internal_weight=1806.83 1636.37 68.8363 1567.54 889.928 677.61 546.831 10.1835 536.647 188.033 59.4394 348.614 21.2502 15.8131
internal_count=8826 7031 364 6667 3874 2793 2314 66 2248 727 266 1521 117 78
is_linear=0
shrinkage=0.05


Tree=2
num_leaves=15
num_cat=2
split_feature=16 16 11 16 13 10 10 3 0 10 10 16 16 16
split_gain=2566.95 25.4504 39.7147 26.4939 19.4141 27.6663 28.9364 17.9164 36.7582 52.409 44.7929 37.3253 47.4299 31.5722
threshold=1.0000000180025095e-35 1.7172833333333337 1.0000000180025095e-35 1.6073583333333334 0.057000000000000009 13.500000000000002 3.5000000000000004 0 1 16.500000000000004 22.500000000000004 304.61764166666671 10.236475000000002 5.5078083333333341
decision_type=2 2 2 2 2 2 2 1 1 2 2 2 2 2
left_child=-1 2 -2 4 5 6 -4 8 9 11 -10 12 -3 -11
right_child=1 7 3 -5 -6 -7 -8 -9 10 13 -12 -13 -14 -15
leaf_value=-0.05562068067855596 0.0028873352988335712 0.097603575407560858 0.12893337473810038 0.046361212015716816 0.16902191087564589 0.16487368967920926 -0.057713932481034791 0.15603947555245434 0.15199543187219802 0.24251402203120828 0.059416096196463479 0.21774469051244261 -0.023835135635422652 0.12503406025084149
leaf_weight=163.06127168238163 6.4690768569707862 27.835768692195415 4.2607135921716708 7.5788496732711783 33.116516754031181 8.8861163854598981 4.050764873623848 1169.0188387036324 545.31139642000198 9.2130591720342654 13.386058978736399 4.2983790487051001 11.306218490004538 15.079505324363707
leaf_count=1795 45 131 23 47 123 35 35 4266 2077 20 73 11 81 64
internal_value=0.134598 0.151276 0.120383 0.133512 0.14664 0.103541 0.0379671 0.152383 0.14556 0.110775 0.149777 0.0778846 0.0625258 0.169589
internal_weight=2022.87 1859.81 64.362 57.893 50.3141 17.1976 8.31148 1795.45 626.43 67.7329 558.697 43.4404 39.142 24.2926
internal_count=8826 7031 308 263 216 93 58 6723 2457 307 2150 223 212 84
cat_boundaries=0 1 2
cat_threshold=1 2
is_linear=0
shrinkage=0.05


Tree=3
num_leaves=15
num_cat=2
split_feature=16 16 1 16 16 10 13 11 3 10 16 11 16 10
split_gain=1984.57 20.925 33.8461 27.6818 27.2745 37.9947 45.84 32.3572 22.5931 32.1595 26.0001 21.3988 20.9168 20.0236
threshold=1.0000000180025095e-35 3.3965666666666672 0 3.1953166666666672 4.111250000000001 9.5000000000000018 0.075600000000000014 5.5000000000000009 1 1.5000000000000002 3.8534333333333337 2.5000000000000004 617.01349166666671 17.500000000000004
decision_type=2 2 9 2 2 2 2 2 1 2 2 2 2 2
left_child=-1 2 -2 -4 5 6 8 12 -3 -10 -11 -5 -6 -14
right_child=1 4 3 11 7 -7 -8 -9 9 10 -12 -13 13 -15
leaf_value=-0.055316592482054186 0.20523214286121338 0.14284248924868109 0.11778291080380526 0.10196902789718454 0.13171558295114402 0.174065092944403 0.21291129487775373 0.11250702283838704 0.14613804464290323 -0.061002652525116621 0.084874493600911149 -0.0094053002263259546 0.14222983310956927 0.21103931757613298
leaf_weight=155.93975409865379 10.459203720092773 9.7492643594741821 251.69341270625591 9.753648445010187 1383.6534445732832 81.027036562561989 8.6975978314876539 226.87285384535789 5.7568294107913998 6.9474482387304288 5.4511563330888748 7.7314134240150443 31.161247685551643 16.001968532800674
leaf_count=1795 23 31 957 38 4663 201 16 853 18 47 23 46 90 25
internal_value=0.116649 0.129698 0.116986 0.113557 0.131701 0.154966 0.112686 0.13005 0.0814469 0.0484782 0.00313353 0.0527224 0.132832 0.165576
internal_weight=2210.9 2054.96 279.638 269.178 1775.32 117.629 36.6023 1657.69 27.9047 18.1554 12.3986 17.4851 1430.82 47.1632
internal_count=8826 7031 1064 1041 5967 336 135 5631 119 88 70 84 4778 115
cat_boundaries=0 1 2
cat_threshold=2 4
is_linear=0
shrinkage=0.05


Tree=4
num_leaves=15
num_cat=1
split_feature=16 16 11 16 16 16 16 10 10 16 16 3 16 10
split_gain=1586.96 15.4703 27.7995 17.7692 14.4334 17.2227 14.0959 12.4918 28.7923 25.6787 31.3321 66.7875 25.2117 33.7662
threshold=1.0000000180025095e-35 1.7172833333333337 1.0000000180025095e-35 1.6073583333333334 1.553191666666667 1.0947666666666669 1.2384333333333337 18.500000000000004 19.500000000000004 5.5078083333333341 2.8465166666666675 0 6.0893166666666678 22.500000000000004
decision_type=2 2 2 2 2 2 2 2 2 2 2 1 2 2
left_child=-1 2 -2 4 5 -4 -7 -3 -9 10 11 -10 13 -11
right_child=1 7 3 -5 -6 6 -8 8 9 12 -12 -13 -14 -15
leaf_value=-0.055030483593113383 -0.003309177859221179 0.11224478074346252 0.15643769371252481 0.033336567059765544 0.17064702045353375 0.029494086386481207 0.10105467415137293 0.14363276658444868 0.14459617028368055 -0.062257598100096637 0.14774621808053701 -0.061665687154544818 0.10898382711301138 0.1307432143957741
leaf_weight=149.08616706728935 7.0489981919527045 1682.6389600932598 10.873139485716818 8.5076055228710157 8.5648390799760801 8.779426306486128 31.833184793591499 111.67559966444969 11.524684906005859 5.042696461081503 86.649142503738403 5.9512630105018625 243.13584831357002 4.1159963309764862
leaf_count=1795 45 5342 25 47 22 46 123 285 31 32 203 39 779 12
internal_value=0.102898 0.113473 0.0912434 0.100965 0.110546 0.100548 0.0855851 0.114255 0.121479 0.114538 0.135429 0.0743557 0.105916 0.0244786
internal_weight=2375.43 2226.34 75.6072 68.5582 60.0506 51.4858 40.6126 2150.73 468.095 356.42 104.125 17.4759 252.295 9.15869
internal_count=8826 7031 308 263 216 194 169 6723 1381 1096 273 70 823 44
cat_boundaries=0 1
cat_threshold=1
is_linear=0
shrinkage=0.05


Tree=5
num_leaves=15
num_cat=4
split_feature=16 3 7 17 10 0 11 16 10 10 16 7 16 16
split_gain=1300.82 13.9365 29.8616 50.1581 22.4876 34.3966 23.4543 20.3875 44.859 24.1424 32.1102 22.4883 30.3608 52.7711
threshold=1.0000000180025095e-35 0 1 2.5000000000000004 4.5000000000000009 2 2.5000000000000004 10.841258333333334 1.5000000000000002 1.0000000180025095e-35 11.115216666666669 3 11.812383333333335 39.218525000000007
decision_type=2 1 9 2 2 1 2 2 2 2 2 9 2 2
left_child=-1 2 3 4 6 -6 -2 8 -3 -9 -11 12 -12 -14
right_child=1 7 -4 -5 5 -7 -8 9 -10 10 11 -13 13 -15
leaf_value=-0.054761127781223801 -0.063463495086207883 0.054575285986981942 0.099286950937523821 -0.06097138732629092 0.099896012548644095 -0.011401892681538815 0.064879956930959812 0.15372753413049864 0.10165956788920656 0.15128878432931922 0.13598247562889396 0.11163764799553813 -0.064153632248666992 0.085670199561404203
leaf_weight=142.49504070729017 4.9941881150007275 53.611583307385445 713.63024953007698 6.7163309007883063 80.155373603105545 7.6001749336719504 12.393309354782103 31.015129640698433 896.61709801852703 40.593948900699615 27.802086904644966 379.32830841839314 6.1891881376504889 116.6119931936264
leaf_count=1795 30 202 2164 46 246 39 47 62 2627 83 64 1017 36 368
internal_value=0.0919753 0.100771 0.0955219 0.071502 0.0799642 0.0902569 0.028016 0.103563 0.0990031 0.110766 0.108431 0.105148 0.0888009 0.0781191
internal_weight=2519.75 2377.26 825.49 111.859 105.143 87.7555 17.3875 1551.77 950.229 601.541 570.526 529.932 150.603 122.801
internal_count=8826 7031 2572 408 362 285 77 4459 2829 1630 1568 1485 468 404
cat_boundaries=0 1 2 3 4
cat_threshold=1 1 1 2
is_linear=0
shrinkage=0.05


Tree=6
num_leaves=15
num_cat=3
split_feature=16 10 13 16 16 7 11 0 16 16 16 16 3 17
split_gain=1086.45 12.1863 20.8623 18.0179 51.6161 16.6681 16.0619 32.6108 42.2492 29.6368 40.4206 26.6455 25.7379 22.6621
threshold=1.0000000180025095e-35 13.500000000000002 0.075600000000000014 119.01740000000002 107.93626666666668 0 1.5000000000000002 1 171.58720000000002 273.13982500000009 35.230750000000008 176.37345833333339 2 2.5000000000000004
decision_type=2 2 2 2 2 9 2 1 2 2 2 2 1 2
left_child=-1 2 6 4 -3 -5 -2 8 -8 10 -9 -12 13 -10
right_child=1 3 -4 5 -6 -7 7 9 12 -11 11 -13 -14 -15
leaf_value=-0.054507418522369504 0.093763583830577021 0.092628331990431051 0.10296751038014967 0.085448257726789392 -0.022818566953814009 0.11657610218814525 0.088963910630820098 0.062327852566311508 0.051469454829527556 0.13085166857260236 -0.064482932734646642 0.063970813305084626 0.07542629750923982 -0.03577639532476648
leaf_weight=136.16042368113995 372.22900429368019 870.97562128305435 188.05446475744247 60.324299544095993 9.7907339632511121 149.79963994026184 674.94583731889725 87.444514736533165 16.943683609366417 12.131877869367598 11.709498688578607 6.1613747030496588 36.774348571896553 13.274107351899149
leaf_count=1795 1040 2383 465 168 52 325 1942 301 58 25 68 21 117 66
internal_value=0.0830493 0.0905097 0.087456 0.0944836 0.091345 0.10764 0.0850876 0.0813297 0.0852049 0.0568493 0.0483245 -0.0201957 0.0473329 0.013144
internal_weight=2646.72 2510.56 1419.67 1090.89 880.766 210.124 1231.61 859.385 741.938 117.447 105.315 17.8709 66.9921 30.2178
internal_count=8826 7031 4103 2928 2435 493 3638 2598 2183 415 390 89 241 124
cat_boundaries=0 1 2 3
cat_threshold=2 1 2
is_linear=0
shrinkage=0.05


Tree=7
num_leaves=15
num_cat=1
split_feature=16 16 16 1 16 10 13 10 11 11 16 16 16 13
split_gain=920.981 11.7869 20.6003 18.2203 16.1 22.6184 33.6423 24.8557 19.6473 14.4574 13.106 11.5915 24.0617 24.1129
threshold=1.0000000180025095e-35 3.3965666666666672 3.1953166666666672 0 4.111250000000001 5.5000000000000009 0.075600000000000014 1.5000000000000002 5.5000000000000009 2.5000000000000004 617.01349166666671 5.3544500000000008 9.091916666666668 0.057000000000000009
decision_type=2 2 2 9 2 2 2 2 2 2 2 2 2 2
left_child=-1 2 3 -2 5 6 7 -3 10 -4 -6 -10 13 -13
right_child=1 4 9 -5 8 -7 -8 -9 11 -11 -12 12 -14 -15
leaf_value=-0.054268305472132461 0.13273539414944166 0.089193644356070773 0.061478006302057624 0.074190209424117207 0.083349366295646404 0.10777605324044455 0.1467071641092626 -0.028645761181092584 0.096453644440033293 -0.02126412545639907 0.10695435729991926 0.070939657607027709 0.075863929212846515 0.012214467823162585
leaf_weight=130.07604368031025 13.865636140108109 7.6535638719797197 12.39162799715996 319.91087996959686 1772.0887846797705 126.33798016607761 7.3672657161951056 10.774738401174544 36.395535334944725 9.1980616897344571 60.821744829416275 34.6830113530159 181.49515955150127 35.241194128990173
leaf_count=1795 23 20 38 957 4663 254 9 53 86 46 115 102 526 139
internal_value=0.0756012 0.0820287 0.0735606 0.0766223 0.0833527 0.0990645 0.0563984 0.0202948 0.0822256 0.0262266 0.0841327 0.0700807 0.066263 0.0413427
internal_weight=2758.3 2628.23 355.366 333.777 2272.86 152.134 25.7956 18.4283 2120.73 21.5897 1832.91 287.815 251.419 69.9242
internal_count=8826 7031 1064 980 5967 336 82 73 5631 84 4778 853 767 241
cat_boundaries=0 1
cat_threshold=2
is_linear=0
shrinkage=0.05


Tree=8
num_leaves=15
num_cat=2
split_feature=16 16 13 11 10 11 16 16 13 16 3 16 16 7
split_gain=790.095 10.8249 12.9691 14.4279 17.841 14.411 26.9844 11.3703 28.8182 9.66289 8.23822 22.6403 30.3616 28.4194
threshold=1.0000000180025095e-35 1.8464000000000003 0.057000000000000009 1.5000000000000002 13.500000000000002 1.5000000000000002 1.6073583333333334 1.2965250000000001 0.060600000000000008 1.6073583333333334 0 10.896691666666669 11.170025000000003 1
decision_type=2 2 2 2 2 2 2 2 2 2 1 2 2 9
left_child=-1 2 3 9 -5 -4 7 8 -7 -2 11 -3 -13 -14
right_child=1 10 5 4 -6 6 -8 -9 -10 -11 -12 12 13 -15
leaf_value=-0.054042845767444586 -0.063022566245943698 0.077189597602345936 0.10815068376439077 0.013547220533112895 0.086509585608471232 0.12242565707550546 -0.020768662993889589 0.097004560278113702 -0.019989059159839621 0.042609594170071374 0.077572692119657713 -0.024983181613761618 0.016484760215409452 0.068632440521739446
leaf_weight=124.23529405146837 5.1626248955726606 611.26784443855286 20.502340421080589 15.544073209166525 18.174709782004356 6.2140759527683249 8.8490464538335782 24.187886923551559 8.2924995422363263 3.7286014258861542 1712.5381538718939 10.065738901495932 29.064403638243675 258.48864482343197
leaf_count=1795 32 1551 49 74 49 10 42 57 36 15 4234 51 122 709
internal_value=0.0692764 0.0748841 0.0595655 0.0379342 0.0528746 0.073111 0.0580007 0.0760145 0.0410161 -0.0187249 0.0755307 0.0716832 0.0603737 0.0633616
internal_weight=2856.32 2732.08 110.656 42.61 33.7188 68.0458 47.5435 38.6945 14.5066 8.89123 2621.42 908.887 297.619 287.553
internal_count=8826 7031 364 170 123 194 145 103 46 47 6667 2433 882 831
cat_boundaries=0 1 2
cat_threshold=1 1
is_linear=0
shrinkage=0.05


Tree=9
num_leaves=15
num_cat=1
split_feature=16 16 11 16 10 16 16 3 13 10 16 10 10 16
split_gain=684.443 9.42893 18.2742 10.9325 8.93095 8.292 11.4806 9.95819 32.3437 12.575 8.20572 9.5429 12.6532 7.69269
threshold=1.0000000180025095e-35 1.7172833333333337 1.0000000180025095e-35 1.6073583333333334 15.500000000000002 1.553191666666667 1.0947666666666669 0 0.060600000000000008 3.5000000000000004 617.01349166666671 18.500000000000004 13.500000000000002 8.2394583333333351
decision_type=2 2 2 2 2 2 2 1 2 2 2 2 2 2
left_child=-1 2 4 5 -2 6 -4 -8 9 -9 13 12 -12 -3
right_child=1 10 3 -5 -6 -7 7 8 -10 -11 11 -13 -14 -15
leaf_value=-0.053830160791401828 -0.062998740208822401 0.071776458158547413 0.10013229389017651 0.012124396910559512 0.039910901745909722 0.10619154950673569 0.086951074063557482 0.046664318805706761 0.067132112584497 -0.065098460245723438 0.087660755434721724 0.11221290337031223 0.028249835396602082 0.066376042383238618
leaf_weight=118.6313809081912 4.6744411289691907 1218.1855447739363 13.914711683988569 10.423215523362158 3.8403336107730865 11.328606203198431 12.893862456083298 3.5856297165155402 26.402739331126213 8.44352078437805 37.315951600670815 23.360575765371323 11.794781520962713 1437.6380665898323
leaf_count=1795 29 2940 25 47 16 22 34 14 72 49 72 29 34 3648
internal_value=0.0638228 0.0687655 0.0533232 0.0601658 -0.0165844 0.0667055 0.059849 0.048928 0.0361713 -0.0317844 0.0693061 0.0859058 0.0733922 0.0688531
internal_weight=2942.43 2823.8 95.5071 86.9923 8.51477 76.5691 65.2405 51.3258 38.4319 12.0292 2728.29 72.4713 49.1107 2655.82
internal_count=8826 7031 308 263 45 216 194 169 135 63 6723 135 106 6588
cat_boundaries=0 1
cat_threshold=4
is_linear=0
shrinkage=0.05


Tree=10
num_leaves=15
num_cat=0
split_feature=16 10 13 16 16 11 13 16 16 16 16 16 13 16
split_gain=597.728 8.80348 15.1507 13.4603 38.9464 13.8105 25.4647 21.6694 30.7604 37.4893 22.0337 30.5877 42.2758 22.9266
threshold=1.0000000180025095e-35 13.500000000000002 0.075600000000000014 119.01740000000002 107.93626666666668 3.5000000000000004 0.036050000000000006 78.952700000000007 10.353408333333336 10.649733333333335 9.8483083333333354 8.9887916666666694 0.057000000000000009 3.0015000000000005
decision_type=2 2 2 2 2 2 2 2 2 2 2 2 2 2
left_child=-1 2 -2 4 5 7 -7 8 10 -10 11 13 -13 -3
right_child=1 3 -4 -5 -6 6 -8 -9 9 -11 -12 12 -14 -15
leaf_value=-0.053629429360494363 0.059160604272901797 0.037116636922194475 0.07331388407915336 0.077153572597416537 -0.029911240668070879 0.0076668563220963883 0.073621271334182378 0.10102914575612404 -0.071582233217605387 0.042086299776261327 0.10206607139936529 0.055123466994287398 -0.071606843480118004 0.070558865686859984
leaf_weight=113.25734987854958 1424.0730120241642 62.831330478191376 218.0358894765377 243.51948073506355 10.905860200524328 15.131284132599829 446.17160238325596 29.994786381721497 7.7915020734071723 105.11304181814194 34.351457238197327 18.843845397233967 10.112011581659315 278.02766677737236
leaf_count=1795 3638 191 465 493 52 52 993 53 37 294 59 48 48 608
internal_value=0.05906 0.0634536 0.0610398 0.0665924 0.0640692 0.0650857 0.0714579 0.0597124 0.0573157 0.0342421 0.0637613 0.0602032 0.0108665 0.0643944
internal_weight=3018.16 2904.9 1642.11 1262.79 1019.27 1008.37 461.303 547.066 517.071 112.905 404.166 369.815 28.9559 340.859
internal_count=8826 7031 4103 2928 2435 2383 1045 1338 1285 331 954 895 96 799
is_linear=0
shrinkage=0.05


Tree=11
num_leaves=15
num_cat=3
split_feature=16 3 7 17 10 0 11 11 16 15 16 10 16 16
split_gain=525.576 8.64241 18.268 34.7181 14.4044 23.5129 17.8651 14.2099 29.199 20.0387 31.6602 14.9322 15.7739 14.1622
threshold=1.0000000180025095e-35 0 1 2.5000000000000004 4.5000000000000009 2 2.5000000000000004 5.5000000000000009 10.962508333333336 10.785200000000001 8.8540333333333354 14.500000000000002 7.802433333333334 9.2119416666666698
decision_type=2 1 9 2 2 1 2 2 2 2 2 2 2 2
left_child=-1 2 3 4 6 7 -2 8 9 10 -6 12 -11 -3
right_child=1 13 -4 -5 5 -7 -8 -9 -10 11 -12 -13 -14 -15
leaf_value=-0.053439913076514169 -0.068136603650348807 0.05653146331904383 0.057708246842322813 -0.064195081575318544 -0.072672273499175349 -0.025645176679245214 0.034950199479304805 0.094487564601564891 -0.0300201326611115 0.00061293609364527048 0.074731624734572108 0.097928907248833838 0.082476458052010704 0.065067724065732607
leaf_weight=108.10612622648478 5.8175456374883678 982.2414792329073 894.47687488794327 7.8136826604604712 6.5915595889091483 9.041932597756384 15.141860097646711 21.578717261552811 10.249437361955641 10.879409700632097 8.1430233269929868 30.162039071321487 12.816368818283079 961.52861793339252
leaf_count=1795 30 2352 2164 46 31 39 47 41 45 37 18 49 25 2107
internal_value=0.0548569 0.0587903 0.055094 0.0381779 0.0443111 0.0515822 0.00633717 0.0585358 0.048696 0.0604582 0.00879005 0.0745937 0.0448906 0.0607541
internal_weight=3084.59 2976.48 1032.71 138.236 130.422 109.462 20.9594 100.421 78.8418 68.5924 14.7346 53.8578 23.6958 1943.77
internal_count=8826 7031 2572 408 362 285 77 246 205 160 49 111 62 4459
cat_boundaries=0 1 2 3
cat_threshold=1 1 1
is_linear=0
shrinkage=0.05


Tree=12
num_leaves=15
num_cat=2
split_feature=16 16 16 1 16 10 13 11 10 16 16 13 7 10
split_gain=464.85 7.68446 16.2709 13.7088 12.352 16.9694 17.1116 15.6831 15.1711 37.1785 16.6128 12.0674 10.1921 10.1483
threshold=1.0000000180025095e-35 3.3965666666666672 3.1953166666666672 0 4.111250000000001 10.500000000000002 0.075600000000000014 5.5000000000000009 4.5000000000000009 3.6198833333333336 3.8039416666666672 0.060600000000000008 1 21.500000000000004
decision_type=2 2 2 9 2 2 2 2 2 2 2 2 9 2
left_child=-1 2 3 -2 5 6 8 -6 9 -3 -10 -4 -7 -9
right_child=1 4 11 -5 7 12 -8 13 10 -11 -12 -13 -14 -15
leaf_value=-0.053260910637547135 0.095941619599112557 0.074115376127911747 -0.031807094369331566 0.048847059040480874 0.056319121707231856 0.096511486583838887 0.095784222053610327 0.047025992281603847 0.0044284068203206866 -0.071221684883152475 0.084482931226468716 0.038896330824815639 0.066644915270748131 0.012595848813159078
leaf_weight=103.17060178145766 16.126559421420097 8.1628980934619921 10.46312837302685 369.69450888037682 2120.2180407494307 50.28033459186554 13.643508180975912 310.25869832932949 10.265780225396158 9.5462271720170957 17.575571402907372 14.259567141532896 66.140034258365631 22.987890928983688
leaf_count=1795 23 18 45 957 4778 67 17 782 34 46 32 39 122 71
internal_value=0.051115 0.0546577 0.0482958 0.0508155 0.0556512 0.0684611 0.046664 0.0547343 0.0319513 -0.00422958 0.0549649 0.00897326 0.0795439 0.0446509
internal_weight=3142.79 3039.62 410.544 385.821 2629.08 175.614 59.194 2453.46 45.5505 17.7091 27.8414 24.7227 116.42 333.247
internal_count=8826 7031 1064 980 5967 336 147 5631 130 64 66 84 189 853
cat_boundaries=0 1 2
cat_threshold=2 2
is_linear=0
shrinkage=0.05


Tree=13
num_leaves=15
num_cat=2
split_feature=16 16 13 10 16 16 0 0 11 16 16 16 13 16
split_gain=413.241 7.37886 8.47232 7.3044 17.5533 32.4381 22.891 21.9881 41.6232 25.6373 28.866 28.2149 19.873 17.1907
threshold=1.0000000180025095e-35 617.01349166666671 0.075600000000000014 13.500000000000002 221.8170666666667 273.13982500000009 0 1 1.5000000000000002 35.230750000000008 3.2433333333333336 176.37345833333339 0.047750000000000008 47.835416666666674
decision_type=2 2 2 2 2 2 1 1 2 2 2 2 2 2
left_child=-1 3 -3 4 7 -6 -7 12 -9 10 -10 -11 13 -2
right_child=1 2 -4 -5 5 6 -8 8 9 11 -12 -13 -14 -15
leaf_value=-0.053091773086527828 0.044813331384177618 0.058126480594543666 0.099918452399563262 0.053385529998155989 -0.031669762888863855 0.026840927115952786 0.094286753831860137 0.064229609936298046 -0.041836167954468755 -0.070465029196236331 0.036197103178525869 0.058649844910304449 0.054782213136330651 0.0086108302084565973
leaf_weight=98.443654999136925 229.30257402360439 63.700119882822037 14.978711560368536 1307.3074696362019 18.710740581154823 54.832044392824173 16.326188713312149 76.904582500457764 13.367738202214239 14.633259743452074 104.47282838821411 5.9523669481277457 1136.4489525407553 38.262986421585083
leaf_count=1795 562 122 13 2865 72 152 24 159 58 72 277 13 2523 119
internal_value=0.0477589 0.0509665 0.0660827 0.0505722 0.0484204 0.0269116 0.0423154 0.0496141 0.0347367 0.0183515 0.0273451 -0.0331313 0.0518958 0.0396362
internal_weight=3193.64 3095.2 78.6788 3016.52 1709.21 89.869 71.1582 1619.35 215.331 138.426 117.841 20.5856 1404.01 267.566
internal_count=8826 7031 135 6896 4031 248 176 3783 579 420 335 85 3204 681
cat_boundaries=0 1 2
cat_threshold=1 1
is_linear=0
shrinkage=0.05


Tree=14
num_leaves=15
num_cat=2
split_feature=16 3 7 17 16 10 10 16 16 16 16 16 16 16
split_gain=368.992 7.26238 15.0729 29.6214 12.256 28.0968 15.2411 19.8779 14.6829 44.0421 22.9515 18.5824 12.414 39.9964
threshold=1.0000000180025095e-35 0 1 2.5000000000000004 10.841258333333334 1.5000000000000002 1.0000000180025095e-35 11.115216666666669 3.6991583333333335 6.8117833333333335 3.1213000000000002 8.3503583333333342 8.2394583333333351 9.2119416666666698
decision_type=2 1 9 2 2 2 2 2 2 2 2 2 2 2
left_child=-1 2 3 -2 5 8 -6 -8 10 -10 -3 -11 -7 -14
right_child=1 4 -4 -5 6 12 7 -9 9 11 -12 -13 13 -15
leaf_value=-0.052931910735888314 0.03477776451451655 0.010046892290768349 0.046652151884804434 -0.064646772836842711 0.083693508300608774 0.051156462174748257 0.081686919114484474 0.050358537054268217 -0.075375410109710939 0.068408346953686847 0.11470601032627877 -0.005978300940758581 0.013687788804245017 0.052105890670134818
leaf_weight=93.918171022087336 137.45256839692593 14.144095644354822 945.70906576514244 7.9231341779232016 41.648754492402077 879.52221217751503 54.579472258687019 700.28391821682453 13.826031684875487 16.540224313735962 8.3196077197790128 17.049907550215721 100.91489268839359 206.12260167300701
leaf_count=1795 362 44 2164 46 62 1904 83 1485 62 32 9 55 284 439
internal_value=0.0447271 0.0476443 0.044348 0.029359 0.0493962 0.0463202 0.0542483 0.0526237 0.0155099 -0.000265371 0.0488082 0.0306507 0.0481347 0.0394789
internal_weight=3237.95 3144.04 1091.08 145.376 2052.95 1256.44 796.512 754.863 69.8799 47.4162 22.4637 33.5901 1186.56 307.037
internal_count=8826 7031 2572 408 4459 2829 1630 1568 202 149 53 87 2627 723
cat_boundaries=0 1 2
cat_threshold=1 1
is_linear=0
shrinkage=0.05


end of trees

feature_importances:
browse_to_chat_latency_minutes=104
signup_hour_of_day=34
signup_day_of_week=19
channel_prior_payer_rate_subscription=19
active_experiment=10
targeting_gender=8
platform=6
n_app_opens_pre_message=5
pricing_region_at_signup=4
channel_prior_avg_ltv_d30=1

parameters:
[boosting: gbdt]
[objective: binary]
[metric: average_precision]
[tree_learner: serial]
[device_type: cpu]
[data_sample_strategy: bagging]
[data: ]
[valid: ]
[num_iterations: 500]
[learning_rate: 0.05]
[num_leaves: 15]
[num_threads: 0]
[seed: 0]
[deterministic: 0]
[force_col_wise: 0]
[force_row_wise: 0]
[histogram_pool_size: -1]
[max_depth: -1]
[min_data_in_leaf: 20]
[min_sum_hessian_in_leaf: 0.001]
[bagging_fraction: 1]
[pos_bagging_fraction: 1]
[neg_bagging_fraction: 1]
[bagging_freq: 0]
[bagging_seed: 3]
[bagging_by_query: 0]
[feature_fraction: 1]
[feature_fraction_bynode: 1]
[feature_fraction_seed: 2]
[extra_trees: 0]
[extra_seed: 6]
[early_stopping_round: 0]
[early_stopping_min_delta: 0]
[first_metric_only: 0]
[max_delta_step: 0]
[lambda_l1: 0]
[lambda_l2: 0]
[linear_lambda: 0]
[min_gain_to_split: 0]
[drop_rate: 0.1]
[max_drop: 50]
[skip_drop: 0.5]
[xgboost_dart_mode: 0]
[uniform_drop: 0]
[drop_seed: 4]
[top_rate: 0.2]
[other_rate: 0.1]
[min_data_per_group: 100]
[max_cat_threshold: 32]
[cat_l2: 10]
[cat_smooth: 10]
[max_cat_to_onehot: 4]
[top_k: 20]
[monotone_constraints: ]
[monotone_constraints_method: basic]
[monotone_penalty: 0]
[feature_contri: ]
[forcedsplits_filename: ]
[refit_decay_rate: 0.9]
[cegb_tradeoff: 1]
[cegb_penalty_split: 0]
[cegb_penalty_feature_lazy: ]
[cegb_penalty_feature_coupled: ]
[path_smooth: 0]
[interaction_constraints: ]
[verbosity: -1]
[saved_feature_importance_type: 0]
[use_quantized_grad: 0]
[num_grad_quant_bins: 4]
[quant_train_renew_leaf: 0]
[stochastic_rounding: 1]
[linear_tree: 0]
[max_bin: 255]
[max_bin_by_feature: ]
[min_data_in_bin: 3]
[bin_construct_sample_cnt: 200000]
[data_random_seed: 1]
[is_enable_sparse: 1]
[enable_bundle: 1]
[use_missing: 1]
[zero_as_missing: 0]
[feature_pre_filter: 1]
[pre_partition: 0]
[two_round: 0]
[header: 0]
[label_column: ]
[weight_column: ]
[group_column: ]
[ignore_column: ]
[categorical_feature: 0,1,2,3,4,5,6,7,8,9]
[forcedbins_filename: ]
[precise_float_parser: 0]
[parser_config_file: ]
[objective_seed: 5]
[num_class: 1]
[is_unbalance: 1]
[scale_pos_weight: 1]
[sigmoid: 1]
[boost_from_average: 1]
[reg_sqrt: 0]
[alpha: 0.9]
[fair_c: 1]
[poisson_max_delta_step: 0.7]
[tweedie_variance_power: 1.5]
[lambdarank_truncation_level: 30]
[lambdarank_norm: 1]
[label_gain: ]
[lambdarank_position_bias_regularization: 0]
[eval_at: ]
[multi_error_top_k: 1]
[auc_mu_weights: ]
[num_machines: 1]
[local_listen_port: 12400]
[time_out: 120]
[machine_list_filename: ]
[machines: ]
[gpu_platform_id: -1]
[gpu_device_id: -1]
[gpu_use_dp: 0]
[num_gpu: 1]

end of parameters

pandas_categorical:[["Android", "iOS", "web"], ["IN", "INTL", "undefined"], ["ira_app", "telegram", "web", "whatsapp"], ["price_1_trial_499_999", "price_1_trial_89_regular", "undefined"], ["Google Ads", "Instagram Influencers", "Meta Ads", "Organic App Store", "User Invite", "YouTube Creators"], ["companionship", "curiosity_exploration", "entertainment", "language_practice", "roleplay_practice"], ["18-24", "25-34", "35-44", "45+"], ["female", "male", "unknown"], ["anime_roleplay", "companionship", "dating_advice", "gaming", "general", "language_learning"], ["not_enrolled"]]
